$ 1 0.000005 10.20027730826997 50 5 43 5e-11
v 32 384 576 384 0 0 40 12 0 0 0.5
w 32 384 32 208 0
r 256 208 144 208 0 10
r 256 208 368 208 0 10
r 480 208 368 208 0 10
p 144 128 32 128 1 0 0
w 32 128 32 208 0
w 144 128 144 208 0
w 256 208 256 128 0
w 368 208 368 128 0
w 480 208 480 128 0
w 576 208 576 128 0
p 256 128 144 128 1 0 0
p 368 128 256 128 1 0 0
p 480 128 368 128 1 0 0
p 576 128 480 128 1 0 0
370 576 384 576 208 1 0 0
v 32 896 592 896 0 0 40 12 0 0 0.5
w 32 896 32 800 0
w 592 896 592 800 0
r 224 800 384 800 0 10
370 592 800 384 800 1 0 0
p 384 720 224 720 1 0 0
w 384 800 384 720 0
w 224 800 224 720 0
w 32 800 32 672 0
w 592 800 592 672 0
r 224 672 384 672 0 10
w 32 672 32 560 0
r 224 560 384 560 0 10
370 592 560 384 560 1 0 0
370 592 672 384 672 1 0 0
w 592 560 592 672 0
w 384 672 384 608 0
w 224 672 224 608 0
w 384 560 384 480 0
w 224 560 224 480 0
p 384 480 224 480 1 0 0
p 384 608 224 608 1 0 0
v 32 1360 592 1360 0 0 40 12 0 0 0.5
r 192 1280 400 1280 0 10
r 192 1168 400 1168 0 10
w 32 1168 192 1168 0
w 32 1168 32 1072 0
w 32 1072 192 1072 0
370 592 1280 400 1280 1 0 0
370 592 1168 400 1168 1 0 0
370 592 1072 416 1072 1 0 0
w 592 1360 592 1280 0
w 592 1280 592 1168 0
w 592 1168 592 1072 0
w 400 1280 400 1232 0
w 192 1280 192 1232 0
p 400 1232 192 1232 1 0 0
p 400 1120 192 1120 1 0 0
w 400 1168 400 1120 0
w 192 1168 192 1120 0
p 416 1008 192 1008 1 0 0
w 416 1072 416 1008 0
w 192 1072 192 1008 0
181 32 208 144 208 0 315.30132774352967 100 120 0.4 0.4
181 480 208 576 208 0 315.68204277682435 100 120 0.4 0.4
181 32 560 224 560 0 371.58663453221067 100 120 0.4 0.4
181 32 672 224 672 0 371.58663453221067 100 120 0.4 0.4
181 32 800 224 800 0 371.58663453221067 100 120 0.4 0.4
181 192 1072 416 1072 0 403.6219787525689 100 120 0.4 0.4
w 32 1360 32 1280 0
w 32 1280 192 1280 0
w 32 1280 32 1168 0
