$ 1 0.000005 10.20027730826997 50 5 43 5e-11
v 240 304 368 304 0 0 40 12 0 0 0.5
370 368 304 368 176 1 0 0
r 368 176 240 176 0 100
p 368 112 240 112 1 0 0
w 368 176 368 112 0
w 240 176 240 112 0
w 240 176 240 304 0
x 56 151 102 154 4 18 R\qU/I
x 55 176 182 179 4 18 R\q12/1,2\s\q\s10Ω
x 51 202 199 205 4 18 R\q12/0,12\s\q\s100Ω
x 54 233 222 236 4 18 R\q12/0,012\s\q\s1000Ω
x 66 302 106 305 4 18 P\qUI
x 57 333 194 336 4 18 P\q12*1,2\q14,4W
x 55 363 202 366 4 18 P\q12*0,12\q1,44W
x 55 396 222 399 4 18 P\q12*0,012\q0,144W
