$ 1 0.000005 10.20027730826997 50 5 43 5e-11
v 256 304 128 304 0 0 40 5 0 0 0.5
r 368 304 480 304 0 100
r 384 208 496 208 0 100
r 128 208 240 208 0 100
w 128 304 128 208 0
w 496 304 496 208 0
v 320 128 320 64 0 0 40 12 0 0 0.5
r 320 64 320 -32 0 150
v 208 -32 320 -32 0 0 40 12 0 0 0.5
v 320 -32 496 -32 0 0 40 5 0 0 0.5
r 496 -32 496 80 0 10
r 208 -32 128 -32 0 100
v 128 -32 128 96 0 0 40 5 0 0 0.5
p 368 256 480 256 1 0 0
w 496 304 480 304 0
w 480 304 480 256 0
w 368 304 368 256 0
370 496 80 496 208 1 0 0
370 128 208 128 96 1 0 0
370 320 208 320 128 1 0 0
370 240 208 320 208 1 0 0
370 384 208 320 208 1 0 0
370 368 304 256 304 1 0 0
p 384 16 384 160 1 0 0
w 320 208 384 160 0
w 384 16 320 -32 0
